<svg version='1.1' x='0px' y='0px' viewBox='-10 -10 20 20' xmlns='http://www.w3.org/2000/svg'><style>path{stroke:black; stroke-width: 0.1; fill: transparent}</style><path d='M10.458998687448359,2.562186574017744e-15,A0.5999999999999996,0.5999999999999996,0,0,1,9.25899868744836,2.6356653819665854e-15,A0.5999999999999996,0.5999999999999996,0,0,1,10.458998687448359,2.415228958120062e-15,Z'/>
<path d='M5.529499343724179,8.538143319207718,A0.6000000000000005,0.6000000000000005,0,0,1,4.329499343724178,8.538143319207718,A0.6000000000000005,0.6000000000000005,0,0,1,5.529499343724179,8.538143319207718,Z'/>
<path d='M-4.32949934372418,8.538143319207716,A0.5999999999999996,0.5999999999999996,0,0,1,-5.529499343724179,8.538143319207716,A0.5999999999999996,0.5999999999999996,0,0,1,-4.32949934372418,8.538143319207716,Z'/>
<path d='M-9.25899868744836,-1.3548074554795851e-15,A0.5999999999999996,0.5999999999999996,0,0,1,-10.458998687448359,-1.281328647530744e-15,A0.5999999999999996,0.5999999999999996,0,0,1,-9.25899868744836,-1.5017650713772674e-15,Z'/>
<path d='M-4.32949934372418,-8.538143319207714,A0.5999999999999996,0.5999999999999996,0,0,1,-5.529499343724179,-8.538143319207714,A0.5999999999999996,0.5999999999999996,0,0,1,-4.32949934372418,-8.538143319207714,Z'/>
<path d='M5.529499343724176,-8.538143319207718,A0.6000000000000005,0.6000000000000005,0,0,1,4.329499343724175,-8.538143319207718,A0.6000000000000005,0.6000000000000005,0,0,1,5.529499343724176,-8.538143319207718,Z'/>
<path d='M6.85214907453455,7.538143319207725,A2.4999999999999925,2.4999999999999925,0,0,1,5.602149074534547,9.703206828668819,L-4.352149074534559,10.038143319207716,A2.4999999999999796,2.4999999999999796,0,0,1,-3.1021490745345988,9.703206828668828,L-10.869361658530202,1.2499999999999947,A2.5000000000000036,2.5000000000000036,0,0,1,-7.454298149069091,2.1650635094610933,L-6.517212583995652,-8.788143319207714,A2.500000000000009,2.500000000000009,0,0,1,-3.1021490745345384,-5.373079809746605,L4.352149074534556,-10.038143319207713,A2.4999999999999822,2.4999999999999822,0,0,1,5.602149074534539,-5.37307980974664,L6.517212583995649,-8.788143319207713,A2.5000000000000018,2.5000000000000018,0,0,1,9.954298149069109,2.1650635094611,L10.869361658530204,1.2500000000000027,Z'/>
<path d='M5.529499343724176,-8.538143319207718,A0.6000000000000005,0.6000000000000005,0,0,1,4.329499343724175,-8.538143319207718,A0.6000000000000005,0.6000000000000005,0,0,1,5.529499343724176,-8.538143319207718,Z'/>
<path d='M-4.32949934372418,-8.538143319207714,A0.5999999999999996,0.5999999999999996,0,0,1,-5.529499343724179,-8.538143319207714,A0.5999999999999996,0.5999999999999996,0,0,1,-4.32949934372418,-8.538143319207714,Z'/>
<path d='M-9.25899868744836,-1.3548074554795851e-15,A0.5999999999999996,0.5999999999999996,0,0,1,-10.458998687448359,-1.281328647530744e-15,A0.5999999999999996,0.5999999999999996,0,0,1,-9.25899868744836,-1.5017650713772674e-15,Z'/>
<path d='M-4.32949934372418,8.538143319207716,A0.5999999999999996,0.5999999999999996,0,0,1,-5.529499343724179,8.538143319207716,A0.5999999999999996,0.5999999999999996,0,0,1,-4.32949934372418,8.538143319207716,Z'/>
<path d='M5.529499343724179,8.538143319207718,A0.6000000000000005,0.6000000000000005,0,0,1,4.329499343724178,8.538143319207718,A0.6000000000000005,0.6000000000000005,0,0,1,5.529499343724179,8.538143319207718,Z'/>
<path d='M10.458998687448359,2.562186574017744e-15,A0.5999999999999996,0.5999999999999996,0,0,1,9.25899868744836,2.6356653819665854e-15,A0.5999999999999996,0.5999999999999996,0,0,1,10.458998687448359,2.415228958120062e-15,Z'/></svg>