<svg version='1.1' x='0px' y='0px' viewBox='-10 -10 20 20' xmlns='http://www.w3.org/2000/svg'><style>path{stroke:black; stroke-width: 0.1; fill: transparent}</style><path d='M0.10000000000000031,-2.25,A0.19999999999999996,0.19999999999999996,0,0,1,-0.2999999999999996,-2.25,A0.19999999999999996,0.19999999999999996,0,0,1,0.10000000000000031,-2.25,Z'/>
<path d='M-0.30448091824685264,-0.6430566433174194,A0.3500000000000001,0.3500000000000001,0,0,1,-1.0044809182468528,-0.6430566433174194,A0.3500000000000001,0.3500000000000001,0,0,1,-0.30448091824685264,-0.6430566433174195,Z'/>
<path d='M-0.34305664331741825,-3.895519081753147,A0.3500000000000001,0.3500000000000001,0,0,1,-1.0430566433174184,-3.895519081753147,A0.3500000000000001,0.3500000000000001,0,0,1,-0.34305664331741825,-3.895519081753147,Z'/>
<path d='M-3.595519081753147,-3.856943356682581,A0.34999999999999964,0.34999999999999964,0,0,1,-4.295519081753146,-3.856943356682581,A0.34999999999999964,0.34999999999999964,0,0,1,-3.595519081753147,-3.856943356682581,Z'/>
<path d='M-3.5569433566825817,-0.6044809182468533,A0.34999999999999964,0.34999999999999964,0,0,1,-4.256943356682581,-0.6044809182468533,A0.34999999999999964,0.34999999999999964,0,0,1,-3.5569433566825817,-0.6044809182468535,Z'/>
<path d='M-0.7000000000000002,-2.25,A1.5999999999999996,1.5999999999999996,0,0,1,-3.8999999999999995,-2.25,A1.5999999999999996,1.5999999999999996,0,0,1,-0.7000000000000002,-2.2500000000000004,Z'/>
<path d='M-4.5,-0.9233500838578386,L-4.5,-3.5766499161421583,A2.4000000000000004,2.4000000000000004,0,0,1,-5.566666666666666,-0.03891680642973183,Z'/>
<path d='M0.09999996572744108,1.9999999999997495,A2.4000000000000004,2.4000000000000004,0,0,1,-1.3666667009392264,4.211083193570016,L-3.6266499504149974,-6.616929226765933e-14,Z'/>
<path d='M0.15754320881056927,-6.499999999999999,A2.4000000000000004,2.4000000000000004,0,0,1,-1.3091234578561006,-4.2889168064297305,L-0.9158068750472692,-4.5,Z'/>
<path d='M-3.569106707331592,-4.5,L-0.9158068750472692,-4.5,A2.4000000000000004,2.4000000000000004,0,1,1,-1.3091234578561024,-8.711083193570268,Z'/>
<path d='M-0.9733501181306772,-4.347633364432113e-13,L-3.6266499504149974,-6.616929226765933e-14,A2.4,2.4,0,1,1,-1.366666700939225,-0.21108319357051641,Z'/>
<path d='M-4.1,-2.2499999999999987,A2.4000000000000004,2.4000000000000004,0,0,1,-5.566666666666666,-0.03891680642973183,L-4.5,-4.099999625099807,A0.40000000000017516,0.40000000000017516,0,0,1,-4.100000749800387,-3.7000000000005273,L-3.569106707331592,-4.5,A2.4000000000000004,2.4000000000000004,0,0,1,-1.3091234578561006,-4.2889168064297305,L0.09999999031844897,-4.5,A0.40000000000017455,0.40000000000017455,0,0,1,0.09999989635148587,-3.6999999999996644,L0.5000000000000001,-0.40000000000000036,A0.4000000000001753,0.4000000000001753,0,0,1,0.09999931637961353,-5.839217998016011e-13,L-0.9733501181306772,-4.347633364432113e-13,A2.4000000000000004,2.4000000000000004,0,0,1,-1.3666667009392264,4.211083193570016,L-4.099999625094618,0,A0.4000000000001737,0.4000000000001737,0,0,1,-4.100000749804222,-5.270783809407931e-13,L-4.5,-0.9233500838578386,Z'/>
<path d='M-0.7000000000000002,-2.25,A1.5999999999999996,1.5999999999999996,0,0,1,-3.8999999999999995,-2.25,A1.5999999999999996,1.5999999999999996,0,0,1,-0.7000000000000002,-2.2500000000000004,Z'/>
<path d='M-3.5569433566825817,-0.6044809182468533,A0.34999999999999964,0.34999999999999964,0,0,1,-4.256943356682581,-0.6044809182468533,A0.34999999999999964,0.34999999999999964,0,0,1,-3.5569433566825817,-0.6044809182468535,Z'/>
<path d='M-3.595519081753147,-3.856943356682581,A0.34999999999999964,0.34999999999999964,0,0,1,-4.295519081753146,-3.856943356682581,A0.34999999999999964,0.34999999999999964,0,0,1,-3.595519081753147,-3.856943356682581,Z'/>
<path d='M-0.34305664331741825,-3.895519081753147,A0.3500000000000001,0.3500000000000001,0,0,1,-1.0430566433174184,-3.895519081753147,A0.3500000000000001,0.3500000000000001,0,0,1,-0.34305664331741825,-3.895519081753147,Z'/>
<path d='M-0.30448091824685264,-0.6430566433174194,A0.3500000000000001,0.3500000000000001,0,0,1,-1.0044809182468528,-0.6430566433174194,A0.3500000000000001,0.3500000000000001,0,0,1,-0.30448091824685264,-0.6430566433174195,Z'/>
<path d='M0.10000000000000031,-2.25,A0.19999999999999996,0.19999999999999996,0,0,1,-0.2999999999999996,-2.25,A0.19999999999999996,0.19999999999999996,0,0,1,0.10000000000000031,-2.25,Z'/>
<path d='M-4.1,-2.2499999999999987,A2.4000000000000004,2.4000000000000004,0,1,1,-5.566666666666667,-4.461083193570266,L-4.5,-3.5766499161421583,Z'/></svg>